0,511
0,510
0,509
0,508
0,507
0,506
0,505
0,504
55,4
0,503
0,502
0,501
55,3
55,2
0,500
55,1
55,0
0,499
0,498
0,497
0,496
0,495
54,4
54,3
54,2
0,494
54,1
54,0
0,493
53,4
53,3
53,2
0,492
53,1
53,0
0,491
52,4
52,3
52,2
52,1
52,0
51,4
51,3
51,2
51,1
51,0
50,4
50,3
50,2
50,1
50,0
49,4
49,3
49,2
49,1
49,0
48,4
48,3
48,2
0,490
48,1
48,0
0,489
0,488
47,4
47,3
47,2
0,487
47,1
47,0
0,486
46,4
46,3
46,2
0,485
46,1
46,0
0,484
0,483
0,482
0,481
0,480
45,4
45,3
45,2
0,479
45,1
45,0
0,478
0,477
0,476
0,475
0,474
44,4
44,3
44,2
0,473
0,472
44,1
44,0
0,471
0,470
43,3
43,2
0,469
43,1
43,0
0,468
0,467
42,5
42,4
42,3
42,2
42,1
42,0
41,4
41,3
41,2
41,1
41,0
40,3
40,2
40,1
40,0
0,466
0,465
39,5
39,4
39,3
39,2
39,1
39,0
0,464
0,463
0,462
0,461
38,4
38,3
38,2
38,1
38,0
0,460
0,459
32,4
0,458
0,457
0,456
0,455
0,454
0,453
0,452
0,451
0,450
0,449
