0,472
0,386
0,243
0,273
0,270
3,2
3,1
3,3
10,314
10,96
10,148
10,32
10,300
10,136
10,130
11,6
8,12
8,15
8,7
8,14
8,2
8,3
66,4
66,3
66,2
66,1
66,0
65,4
65,3
65,2
65,1
65,0
64,3
64,2
64,1
64,0
63,4
63,3
63,2
63,1
63,0
62,5
62,4
62,3
62,2
62,1
62,0
61,4
61,3
61,2
61,1
61,0
60,5
60,4
60,3
60,2
60,1
60,0
59,5
59,4
59,3
59,2
59,1
59,0
58,4
58,3
58,2
58,1
58,0
57,4
57,3
57,2
57,1
57,0
20,3
20,2
20,1
19,3
19,2
19,1
12,3
12,2
12,1
11,30
11,29
11,26
11,21
11,20
11,19
11,18
11,16
11,14
11,13
11,4
11,3
11,2
11,1
10,290
10,240
10,228
10,226
10,218
10,210
10,206
10,156
10,154
18,1
10,142
10,134
18,3
10,126
10,102
10,74
14,1
